|   r     |       (Xi,Yi)        | f(Xi,Yi)| h(Xi,Yi)|
| 0.010000|( 1.990000, -1.989000)| 0.000105| 3.979000|
| 0.020000|( 1.980000, -1.978000)| 0.000420| 3.958000|
| 0.040000|( 1.960000, -1.956000)| 0.001680| 3.916000|
| 0.080000|( 1.920000, -1.912000)| 0.006720| 3.832000|
| 0.160000|( 1.840000, -1.824000)| 0.026880| 3.664000|
| 0.320000|( 1.680000, -1.648000)| 0.107520| 3.328000|
| 0.640000|( 1.360000, -1.296000)| 0.430080| 2.656000|
| 1.280000|( 0.720000, -0.592000)| 1.720320| 1.312000|
| 2.560000|( 0.095238,  0.095238)| 3.809524|-0.000000|
